-- run 1 events --
class            start      dur     rest
-----            -----     ----     ----
  1 (disgust)     8.00     6.00     3.25
  0 (anger)      17.25     6.00     2.25
  1 (disgust)    25.50     6.00     2.75
  0 (anger)      34.25     6.00     2.50
  0 (anger)      42.75     6.00     3.00
  0 (anger)      51.75     6.00     5.00
  0 (anger)      62.75     6.00     2.50
  0 (anger)      71.25     6.00     3.50
  1 (disgust)    80.75     6.00     3.25
  0 (anger)      90.00     6.00     5.00
  1 (disgust)   101.00     6.00     2.75
  1 (disgust)   109.75     6.00     2.50
  1 (disgust)   118.25     6.00     2.75
  1 (disgust)   127.00     6.00     3.75
  0 (anger)     136.75     6.00     4.25
  0 (anger)     147.00     6.00     2.75
  0 (anger)     155.75     6.00     9.50
  1 (disgust)   171.25     6.00     2.50
  0 (anger)     179.75     6.00     5.50
  1 (disgust)   191.25     6.00     3.25
  0 (anger)     200.50     6.00     4.75
  0 (anger)     211.25     6.00     4.50
  1 (disgust)   221.75     6.00     6.75
  0 (anger)     234.50     6.00     5.75
  0 (anger)     246.25     6.00     3.75
  1 (disgust)   256.00     6.00     2.00
  1 (disgust)   264.00     6.00     7.00
  0 (anger)     277.00     6.00     7.50
  0 (anger)     290.50     6.00     2.25
  0 (anger)     298.75     6.00     3.00
  0 (anger)     307.75     6.00     2.50
  1 (disgust)   316.25     6.00     6.00
  1 (disgust)   328.25     6.00     2.00
  1 (disgust)   336.25     6.00     6.25
  0 (anger)     348.50     6.00     8.50
  0 (anger)     363.00     6.00     3.50
  0 (anger)     372.50     6.00     2.25
  1 (disgust)   380.75     6.00     3.75
  0 (anger)     390.50     6.00     4.25
  1 (disgust)   400.75     6.00     5.25
  0 (anger)     412.00     6.00     3.00
  1 (disgust)   421.00     6.00     4.00
  1 (disgust)   431.00     6.00     2.25
  0 (anger)     439.25     6.00     8.00
  1 (disgust)   453.25     6.00     2.50
  0 (anger)     461.75     6.00     2.00
  1 (disgust)   469.75     6.00     4.25
  0 (anger)     480.00     6.00     3.50
  0 (anger)     489.50     6.00     3.25
  1 (disgust)   498.75     6.00     4.00
  1 (disgust)   508.75     6.00     5.50
  0 (anger)     520.25     6.00     2.25
  0 (anger)     528.50     6.00     4.50
  0 (anger)     539.00     6.00     4.75
  0 (anger)     549.75     6.00     3.75
  1 (disgust)   559.50     6.00     3.00
  1 (disgust)   568.50     6.00     2.75
  1 (disgust)   577.25     6.00     6.50
  1 (disgust)   589.75     6.00     2.25
  0 (anger)     598.00     6.00     0.00

-- run 2 events --
class            start      dur     rest
-----            -----     ----     ----
  0 (anger)       8.00     6.00     2.00
  1 (disgust)    16.00     6.00     2.25
  1 (disgust)    24.25     6.00     6.50
  1 (disgust)    36.75     6.00     2.25
  1 (disgust)    45.00     6.00     5.50
  1 (disgust)    56.50     6.00     5.75
  0 (anger)      68.25     6.00     2.25
  1 (disgust)    76.50     6.00     3.75
  0 (anger)      86.25     6.00     2.25
  0 (anger)      94.50     6.00     2.25
  0 (anger)     102.75     6.00     4.25
  1 (disgust)   113.00     6.00     3.00
  0 (anger)     122.00     6.00     3.75
  0 (anger)     131.75     6.00     8.50
  1 (disgust)   146.25     6.00     7.50
  0 (anger)     159.75     6.00     2.50
  0 (anger)     168.25     6.00     3.75
  1 (disgust)   178.00     6.00     5.00
  0 (anger)     189.00     6.00     2.00
  1 (disgust)   197.00     6.00     5.25
  1 (disgust)   208.25     6.00     3.25
  0 (anger)     217.50     6.00     6.00
  1 (disgust)   229.50     6.00     5.50
  0 (anger)     241.00     6.00     3.25
  1 (disgust)   250.25     6.00     2.75
  0 (anger)     259.00     6.00     8.00
  1 (disgust)   273.00     6.00     2.50
  0 (anger)     281.50     6.00     2.50
  1 (disgust)   290.00     6.00     2.75
  1 (disgust)   298.75     6.00     2.50
  1 (disgust)   307.25     6.00     3.75
  1 (disgust)   317.00     6.00     2.75
  1 (disgust)   325.75     6.00     3.25
  0 (anger)     335.00     6.00     4.75
  1 (disgust)   345.75     6.00     3.50
  0 (anger)     355.25     6.00     2.75
  1 (disgust)   364.00     6.00     3.50
  1 (disgust)   373.50     6.00     4.00
  0 (anger)     383.50     6.00     3.00
  0 (anger)     392.50     6.00     2.00
  0 (anger)     400.50     6.00     3.00
  0 (anger)     409.50     6.00     3.50
  1 (disgust)   419.00     6.00     4.75
  1 (disgust)   429.75     6.00     6.75
  1 (disgust)   442.50     6.00     9.50
  1 (disgust)   458.00     6.00     2.75
  1 (disgust)   466.75     6.00     4.50
  1 (disgust)   477.25     6.00     2.50
  0 (anger)     485.75     6.00     4.25
  1 (disgust)   496.00     6.00     4.25
  0 (anger)     506.25     6.00     4.50
  0 (anger)     516.75     6.00     4.00
  1 (disgust)   526.75     6.00     7.00
  1 (disgust)   539.75     6.00     5.00
  0 (anger)     550.75     6.00     3.00
  1 (disgust)   559.75     6.00     2.25
  0 (anger)     568.00     6.00     3.25
  1 (disgust)   577.25     6.00     2.50
  1 (disgust)   585.75     6.00     6.25
  0 (anger)     598.00     6.00     0.00

-- run 3 events --
class            start      dur     rest
-----            -----     ----     ----
  1 (disgust)     8.00     6.00     2.00
  0 (anger)      16.00     6.00     4.50
  1 (disgust)    26.50     6.00     3.00
  1 (disgust)    35.50     6.00     3.50
  0 (anger)      45.00     6.00     5.75
  0 (anger)      56.75     6.00     6.00
  1 (disgust)    68.75     6.00     5.00
  0 (anger)      79.75     6.00     3.75
  0 (anger)      89.50     6.00     9.50
  0 (anger)     105.00     6.00     3.50
  0 (anger)     114.50     6.00     3.00
  1 (disgust)   123.50     6.00     2.25
  1 (disgust)   131.75     6.00     4.25
  0 (anger)     142.00     6.00     3.25
  0 (anger)     151.25     6.00     2.50
  1 (disgust)   159.75     6.00     2.75
  1 (disgust)   168.50     6.00     2.75
  1 (disgust)   177.25     6.00     4.00
  0 (anger)     187.25     6.00     3.00
  1 (disgust)   196.25     6.00     4.75
  0 (anger)     207.00     6.00     2.50
  0 (anger)     215.50     6.00     6.25
  1 (disgust)   227.75     6.00     5.00
  0 (anger)     238.75     6.00     2.75
  1 (disgust)   247.50     6.00     6.75
  1 (disgust)   260.25     6.00     3.50
  1 (disgust)   269.75     6.00     8.00
  0 (anger)     283.75     6.00     2.00
  1 (disgust)   291.75     6.00     5.50
  1 (disgust)   303.25     6.00     6.50
  0 (anger)     315.75     6.00     3.75
  1 (disgust)   325.50     6.00     2.00
  0 (anger)     333.50     6.00     2.25
  0 (anger)     341.75     6.00     2.25
  1 (disgust)   350.00     6.00     4.25
  0 (anger)     360.25     6.00     2.50
  0 (anger)     368.75     6.00     3.25
  0 (anger)     378.00     6.00     2.50
  1 (disgust)   386.50     6.00     5.25
  1 (disgust)   397.75     6.00     4.25
  0 (anger)     408.00     6.00     3.25
  0 (anger)     417.25     6.00     2.25
  0 (anger)     425.50     6.00     2.25
  1 (disgust)   433.75     6.00     7.00
  1 (disgust)   446.75     6.00     8.50
  1 (disgust)   461.25     6.00     4.75
  0 (anger)     472.00     6.00     7.50
  0 (anger)     485.50     6.00     3.25
  0 (anger)     494.75     6.00     4.00
  1 (disgust)   504.75     6.00     3.00
  0 (anger)     513.75     6.00     3.75
  1 (disgust)   523.50     6.00     2.25
  1 (disgust)   531.75     6.00     5.50
  0 (anger)     543.25     6.00     4.50
  0 (anger)     553.75     6.00     2.50
  1 (disgust)   562.25     6.00     2.75
  1 (disgust)   571.00     6.00     2.50
  0 (anger)     579.50     6.00     2.75
  1 (disgust)   588.25     6.00     3.75
  0 (anger)     598.00     6.00     0.00

