-- run 1 events --
class            start      dur     rest
-----            -----     ----     ----
  1 (disgust)     8.00     6.00     2.00
  0 (anger)      16.00     6.00     2.75
  1 (disgust)    24.75     6.00     7.50
  0 (anger)      38.25     6.00     3.50
  1 (disgust)    47.75     6.00     4.75
  0 (anger)      58.50     6.00     3.50
  0 (anger)      68.00     6.00     4.50
  1 (disgust)    78.50     6.00     4.25
  0 (anger)      88.75     6.00     4.00
  0 (anger)      98.75     6.00     3.25
  1 (disgust)   108.00     6.00     3.75
  1 (disgust)   117.75     6.00     3.00
  1 (disgust)   126.75     6.00     5.00
  0 (anger)     137.75     6.00     2.50
  1 (disgust)   146.25     6.00     6.25
  1 (disgust)   158.50     6.00     3.75
  0 (anger)     168.25     6.00     9.50
  0 (anger)     183.75     6.00     3.25
  1 (disgust)   193.00     6.00     2.50
  1 (disgust)   201.50     6.00     4.25
  0 (anger)     211.75     6.00     5.25
  0 (anger)     223.00     6.00     2.75
  0 (anger)     231.75     6.00     4.75
  0 (anger)     242.50     6.00     2.25
  0 (anger)     250.75     6.00     2.75
  1 (disgust)   259.50     6.00     3.75
  1 (disgust)   269.25     6.00     4.00
  0 (anger)     279.25     6.00     6.00
  1 (disgust)   291.25     6.00     3.25
  1 (disgust)   300.50     6.00     2.50
  1 (disgust)   309.00     6.00     4.50
  1 (disgust)   319.50     6.00     2.50
  1 (disgust)   328.00     6.00     3.50
  0 (anger)     337.50     6.00     3.75
  1 (disgust)   347.25     6.00     2.00
  1 (disgust)   355.25     6.00     7.00
  0 (anger)     368.25     6.00     8.50
  1 (disgust)   382.75     6.00     2.75
  0 (anger)     391.50     6.00     8.00
  0 (anger)     405.50     6.00     3.00
  0 (anger)     414.50     6.00     2.25
  1 (disgust)   422.75     6.00     2.25
  1 (disgust)   431.00     6.00     6.50
  1 (disgust)   443.50     6.00     5.00
  1 (disgust)   454.50     6.00     3.00
  0 (anger)     463.50     6.00     5.75
  0 (anger)     475.25     6.00     6.75
  0 (anger)     488.00     6.00     2.75
  1 (disgust)   496.75     6.00     2.00
  1 (disgust)   504.75     6.00     5.50
  0 (anger)     516.25     6.00     2.25
  0 (anger)     524.50     6.00     4.25
  1 (disgust)   534.75     6.00     3.25
  1 (disgust)   544.00     6.00     2.25
  0 (anger)     552.25     6.00     2.50
  1 (disgust)   560.75     6.00     2.25
  0 (anger)     569.00     6.00     5.50
  1 (disgust)   580.50     6.00     3.00
  1 (disgust)   589.50     6.00     2.50
  1 (disgust)   598.00     6.00     0.00

-- run 2 events --
class            start      dur     rest
-----            -----     ----     ----
  0 (anger)       8.00     6.00     4.25
  1 (disgust)    18.25     6.00     2.00
  1 (disgust)    26.25     6.00     4.25
  0 (anger)      36.50     6.00     6.25
  0 (anger)      48.75     6.00     2.00
  1 (disgust)    56.75     6.00     2.25
  1 (disgust)    65.00     6.00     2.25
  0 (anger)      73.25     6.00     9.50
  1 (disgust)    88.75     6.00     6.75
  0 (anger)     101.50     6.00     2.75
  0 (anger)     110.25     6.00     4.75
  0 (anger)     121.00     6.00     3.75
  1 (disgust)   130.75     6.00     3.75
  1 (disgust)   140.50     6.00     3.00
  1 (disgust)   149.50     6.00     5.00
  0 (anger)     160.50     6.00     3.25
  0 (anger)     169.75     6.00     2.50
  0 (anger)     178.25     6.00     3.75
  1 (disgust)   188.00     6.00     7.00
  1 (disgust)   201.00     6.00     6.00
  1 (disgust)   213.00     6.00     3.25
  1 (disgust)   222.25     6.00     3.25
  0 (anger)     231.50     6.00     3.00
  1 (disgust)   240.50     6.00     2.25
  0 (anger)     248.75     6.00     3.50
  1 (disgust)   258.25     6.00     2.00
  1 (disgust)   266.25     6.00     6.50
  0 (anger)     278.75     6.00     2.75
  1 (disgust)   287.50     6.00     3.00
  0 (anger)     296.50     6.00     5.00
  1 (disgust)   307.50     6.00     3.50
  0 (anger)     317.00     6.00     5.75
  0 (anger)     328.75     6.00     4.00
  0 (anger)     338.75     6.00     3.25
  0 (anger)     348.00     6.00     2.50
  1 (disgust)   356.50     6.00     5.50
  0 (anger)     368.00     6.00     5.50
  1 (disgust)   379.50     6.00     4.25
  1 (disgust)   389.75     6.00     4.50
  1 (disgust)   400.25     6.00     7.50
  1 (disgust)   413.75     6.00     2.25
  0 (anger)     422.00     6.00     4.50
  1 (disgust)   432.50     6.00     2.50
  0 (anger)     441.00     6.00     2.75
  1 (disgust)   449.75     6.00     2.50
  0 (anger)     458.25     6.00     2.25
  1 (disgust)   466.50     6.00     2.25
  1 (disgust)   474.75     6.00     3.50
  1 (disgust)   484.25     6.00     4.00
  0 (anger)     494.25     6.00     2.50
  1 (disgust)   502.75     6.00     4.75
  0 (anger)     513.50     6.00     2.75
  0 (anger)     522.25     6.00     8.50
  1 (disgust)   536.75     6.00     2.50
  0 (anger)     545.25     6.00     5.25
  1 (disgust)   556.50     6.00     8.00
  1 (disgust)   570.50     6.00     3.75
  1 (disgust)   580.25     6.00     2.75
  0 (anger)     589.00     6.00     3.00
  0 (anger)     598.00     6.00     0.00

-- run 3 events --
class            start      dur     rest
-----            -----     ----     ----
  0 (anger)       8.00     6.00     2.50
  0 (anger)      16.50     6.00     2.75
  0 (anger)      25.25     6.00     3.00
  0 (anger)      34.25     6.00     2.50
  0 (anger)      42.75     6.00     3.25
  0 (anger)      52.00     6.00     4.25
  1 (disgust)    62.25     6.00     7.00
  1 (disgust)    75.25     6.00     3.00
  0 (anger)      84.25     6.00     5.50
  0 (anger)      95.75     6.00     2.25
  0 (anger)     104.00     6.00     3.75
  0 (anger)     113.75     6.00     4.50
  1 (disgust)   124.25     6.00     4.00
  0 (anger)     134.25     6.00     2.50
  0 (anger)     142.75     6.00     8.00
  0 (anger)     156.75     6.00     2.50
  0 (anger)     165.25     6.00     3.25
  0 (anger)     174.50     6.00     3.00
  0 (anger)     183.50     6.00     2.75
  1 (disgust)   192.25     6.00     5.50
  1 (disgust)   203.75     6.00     3.50
  1 (disgust)   213.25     6.00     2.50
  1 (disgust)   221.75     6.00     2.00
  0 (anger)     229.75     6.00     4.50
  0 (anger)     240.25     6.00     3.75
  0 (anger)     250.00     6.00     2.75
  0 (anger)     258.75     6.00     2.25
  1 (disgust)   267.00     6.00     6.50
  0 (anger)     279.50     6.00     4.75
  0 (anger)     290.25     6.00     2.75
  1 (disgust)   299.00     6.00     2.25
  1 (disgust)   307.25     6.00     5.75
  0 (anger)     319.00     6.00     3.25
  0 (anger)     328.25     6.00     2.25
  0 (anger)     336.50     6.00     4.75
  1 (disgust)   347.25     6.00     6.25
  0 (anger)     359.50     6.00     3.00
  1 (disgust)   368.50     6.00     3.50
  0 (anger)     378.00     6.00     3.25
  1 (disgust)   387.25     6.00     2.50
  0 (anger)     395.75     6.00     2.00
  1 (disgust)   403.75     6.00     6.75
  1 (disgust)   416.50     6.00     2.00
  1 (disgust)   424.50     6.00     6.00
  0 (anger)     436.50     6.00     5.25
  1 (disgust)   447.75     6.00     8.50
  1 (disgust)   462.25     6.00     9.50
  0 (anger)     477.75     6.00     4.25
  0 (anger)     488.00     6.00     3.75
  1 (disgust)   497.75     6.00     2.25
  0 (anger)     506.00     6.00     5.00
  1 (disgust)   517.00     6.00     3.75
  1 (disgust)   526.75     6.00     3.50
  1 (disgust)   536.25     6.00     4.25
  0 (anger)     546.50     6.00     7.50
  0 (anger)     560.00     6.00     2.75
  0 (anger)     568.75     6.00     5.00
  1 (disgust)   579.75     6.00     4.00
  1 (disgust)   589.75     6.00     2.25
  1 (disgust)   598.00     6.00     0.00

