-- run 1 events --
class            start      dur     rest
-----            -----     ----     ----
  0 (anger)       8.00     6.00     3.00
  0 (anger)      17.00     6.00     3.75
  0 (anger)      26.75     6.00     3.50
  0 (anger)      36.25     6.00     4.00
  1 (disgust)    46.25     6.00     5.50
  0 (anger)      57.75     6.00     2.50
  1 (disgust)    66.25     6.00     3.25
  1 (disgust)    75.50     6.00     2.50
  0 (anger)      84.00     6.00     3.25
  1 (disgust)    93.25     6.00     3.75
  0 (anger)     103.00     6.00     6.00
  0 (anger)     115.00     6.00     5.00
  0 (anger)     126.00     6.00     3.25
  0 (anger)     135.25     6.00     8.00
  0 (anger)     149.25     6.00     8.50
  1 (disgust)   163.75     6.00     5.00
  1 (disgust)   174.75     6.00     3.50
  1 (disgust)   184.25     6.00     5.75
  1 (disgust)   196.00     6.00     3.50
  0 (anger)     205.50     6.00     3.00
  0 (anger)     214.50     6.00     2.50
  0 (anger)     223.00     6.00     3.75
  0 (anger)     232.75     6.00     5.50
  0 (anger)     244.25     6.00     4.00
  1 (disgust)   254.25     6.00     2.75
  0 (anger)     263.00     6.00     2.25
  1 (disgust)   271.25     6.00     4.50
  0 (anger)     281.75     6.00     4.25
  0 (anger)     292.00     6.00     5.25
  0 (anger)     303.25     6.00     4.25
  1 (disgust)   313.50     6.00     2.25
  1 (disgust)   321.75     6.00     2.25
  1 (disgust)   330.00     6.00     2.00
  0 (anger)     338.00     6.00     7.00
  1 (disgust)   351.00     6.00     6.75
  1 (disgust)   363.75     6.00     2.75
  0 (anger)     372.50     6.00     3.00
  0 (anger)     381.50     6.00     6.25
  1 (disgust)   393.75     6.00     4.75
  1 (disgust)   404.50     6.00     4.50
  0 (anger)     415.00     6.00     2.75
  1 (disgust)   423.75     6.00     4.25
  0 (anger)     434.00     6.00     2.00
  0 (anger)     442.00     6.00     2.00
  1 (disgust)   450.00     6.00     2.25
  0 (anger)     458.25     6.00     2.75
  0 (anger)     467.00     6.00     2.50
  1 (disgust)   475.50     6.00     7.50
  1 (disgust)   489.00     6.00     3.25
  0 (anger)     498.25     6.00     2.25
  1 (disgust)   506.50     6.00     4.75
  1 (disgust)   517.25     6.00     2.75
  0 (anger)     526.00     6.00     3.00
  1 (disgust)   535.00     6.00     3.75
  1 (disgust)   544.75     6.00     2.50
  1 (disgust)   553.25     6.00     2.50
  0 (anger)     561.75     6.00     9.50
  1 (disgust)   577.25     6.00     6.50
  1 (disgust)   589.75     6.00     2.25
  0 (anger)     598.00     6.00     0.00

-- run 2 events --
class            start      dur     rest
-----            -----     ----     ----
  1 (disgust)     8.00     6.00     2.00
  0 (anger)      16.00     6.00     2.25
  0 (anger)      24.25     6.00     5.00
  0 (anger)      35.25     6.00     2.25
  1 (disgust)    43.50     6.00     4.25
  1 (disgust)    53.75     6.00     3.25
  0 (anger)      63.00     6.00     2.50
  0 (anger)      71.50     6.00     6.50
  1 (disgust)    84.00     6.00     3.75
  1 (disgust)    93.75     6.00     9.50
  1 (disgust)   109.25     6.00     2.00
  1 (disgust)   117.25     6.00     3.25
  0 (anger)     126.50     6.00     5.50
  1 (disgust)   138.00     6.00     5.00
  1 (disgust)   149.00     6.00     2.75
  1 (disgust)   157.75     6.00     6.25
  0 (anger)     170.00     6.00     3.50
  1 (disgust)   179.50     6.00     2.50
  1 (disgust)   188.00     6.00     2.75
  1 (disgust)   196.75     6.00     3.50
  0 (anger)     206.25     6.00     3.00
  1 (disgust)   215.25     6.00     8.00
  1 (disgust)   229.25     6.00     7.50
  0 (anger)     242.75     6.00     3.75
  1 (disgust)   252.50     6.00     2.50
  0 (anger)     261.00     6.00     7.00
  1 (disgust)   274.00     6.00     2.50
  0 (anger)     282.50     6.00     6.75
  0 (anger)     295.25     6.00     2.50
  1 (disgust)   303.75     6.00     6.00
  0 (anger)     315.75     6.00     2.25
  0 (anger)     324.00     6.00     4.00
  0 (anger)     334.00     6.00     3.00
  0 (anger)     343.00     6.00     5.50
  0 (anger)     354.50     6.00     2.25
  1 (disgust)   362.75     6.00     4.25
  1 (disgust)   373.00     6.00     2.75
  0 (anger)     381.75     6.00     2.25
  1 (disgust)   390.00     6.00     5.25
  0 (anger)     401.25     6.00     2.75
  1 (disgust)   410.00     6.00     4.75
  1 (disgust)   420.75     6.00     4.00
  1 (disgust)   430.75     6.00     3.25
  1 (disgust)   440.00     6.00     5.75
  1 (disgust)   451.75     6.00     3.25
  1 (disgust)   461.00     6.00     2.25
  0 (anger)     469.25     6.00     8.50
  0 (anger)     483.75     6.00     4.25
  0 (anger)     494.00     6.00     3.00
  0 (anger)     503.00     6.00     3.75
  1 (disgust)   512.75     6.00     3.00
  0 (anger)     521.75     6.00     2.50
  0 (anger)     530.25     6.00     4.50
  1 (disgust)   540.75     6.00     4.50
  1 (disgust)   551.25     6.00     2.75
  0 (anger)     560.00     6.00     2.00
  0 (anger)     568.00     6.00     4.75
  0 (anger)     578.75     6.00     3.50
  1 (disgust)   588.25     6.00     3.75
  0 (anger)     598.00     6.00     0.00

-- run 3 events --
class            start      dur     rest
-----            -----     ----     ----
  0 (anger)       8.00     6.00     2.75
  1 (disgust)    16.75     6.00     4.25
  0 (anger)      27.00     6.00     3.25
  1 (disgust)    36.25     6.00     2.25
  1 (disgust)    44.50     6.00     2.25
  1 (disgust)    52.75     6.00     8.00
  1 (disgust)    66.75     6.00     4.75
  1 (disgust)    77.50     6.00     7.50
  0 (anger)      91.00     6.00     5.25
  0 (anger)     102.25     6.00     2.75
  1 (disgust)   111.00     6.00     4.00
  0 (anger)     121.00     6.00     4.00
  1 (disgust)   131.00     6.00     2.00
  1 (disgust)   139.00     6.00     3.50
  0 (anger)     148.50     6.00     2.50
  1 (disgust)   157.00     6.00     2.25
  0 (anger)     165.25     6.00     4.25
  0 (anger)     175.50     6.00     4.25
  0 (anger)     185.75     6.00     4.50
  1 (disgust)   196.25     6.00     2.75
  0 (anger)     205.00     6.00     6.25
  1 (disgust)   217.25     6.00     7.00
  0 (anger)     230.25     6.00     2.50
  1 (disgust)   238.75     6.00     2.00
  0 (anger)     246.75     6.00     3.00
  0 (anger)     255.75     6.00     5.50
  1 (disgust)   267.25     6.00     3.75
  0 (anger)     277.00     6.00     4.75
  0 (anger)     287.75     6.00     3.25
  1 (disgust)   297.00     6.00     3.50
  0 (anger)     306.50     6.00     4.50
  1 (disgust)   317.00     6.00     2.75
  1 (disgust)   325.75     6.00     2.50
  0 (anger)     334.25     6.00     3.75
  0 (anger)     344.00     6.00     3.00
  0 (anger)     353.00     6.00     3.25
  0 (anger)     362.25     6.00     6.00
  1 (disgust)   374.25     6.00     5.50
  0 (anger)     385.75     6.00     2.25
  1 (disgust)   394.00     6.00     2.50
  1 (disgust)   402.50     6.00     9.50
  1 (disgust)   418.00     6.00     8.50
  1 (disgust)   432.50     6.00     2.25
  1 (disgust)   440.75     6.00     5.00
  0 (anger)     451.75     6.00     2.00
  0 (anger)     459.75     6.00     5.00
  0 (anger)     470.75     6.00     2.75
  0 (anger)     479.50     6.00     3.75
  0 (anger)     489.25     6.00     2.50
  0 (anger)     497.75     6.00     5.75
  1 (disgust)   509.50     6.00     3.25
  1 (disgust)   518.75     6.00     2.25
  1 (disgust)   527.00     6.00     2.50
  1 (disgust)   535.50     6.00     6.75
  0 (anger)     548.25     6.00     3.75
  1 (disgust)   558.00     6.00     3.00
  1 (disgust)   567.00     6.00     3.50
  0 (anger)     576.50     6.00     6.50
  1 (disgust)   589.00     6.00     3.00
  1 (disgust)   598.00     6.00     0.00

