-- run 1 events --
class            start      dur     rest
-----            -----     ----     ----
  1 (disgust)     8.00     6.00     4.75
  0 (anger)      18.75     6.00     2.50
  0 (anger)      27.25     6.00     3.75
  1 (disgust)    37.00     6.00     2.50
  1 (disgust)    45.50     6.00     3.00
  1 (disgust)    54.50     6.00     3.25
  1 (disgust)    63.75     6.00     4.25
  0 (anger)      74.00     6.00     9.50
  0 (anger)      89.50     6.00     8.50
  1 (disgust)   104.00     6.00     2.75
  0 (anger)     112.75     6.00     4.00
  0 (anger)     122.75     6.00     3.00
  0 (anger)     131.75     6.00     5.75
  1 (disgust)   143.50     6.00     6.75
  1 (disgust)   156.25     6.00     2.75
  1 (disgust)   165.00     6.00     2.50
  1 (disgust)   173.50     6.00     4.50
  1 (disgust)   184.00     6.00     4.25
  0 (anger)     194.25     6.00     3.00
  0 (anger)     203.25     6.00     4.75
  1 (disgust)   214.00     6.00     2.25
  1 (disgust)   222.25     6.00     2.00
  0 (anger)     230.25     6.00     7.00
  0 (anger)     243.25     6.00     2.50
  1 (disgust)   251.75     6.00     3.25
  1 (disgust)   261.00     6.00     2.25
  0 (anger)     269.25     6.00     5.50
  0 (anger)     280.75     6.00     4.00
  0 (anger)     290.75     6.00     2.75
  0 (anger)     299.50     6.00     6.00
  0 (anger)     311.50     6.00     2.50
  1 (disgust)   320.00     6.00     5.00
  0 (anger)     331.00     6.00     5.50
  1 (disgust)   342.50     6.00     5.25
  0 (anger)     353.75     6.00     3.25
  1 (disgust)   363.00     6.00     3.00
  1 (disgust)   372.00     6.00     8.00
  1 (disgust)   386.00     6.00     3.25
  0 (anger)     395.25     6.00     2.75
  1 (disgust)   404.00     6.00     7.50
  0 (anger)     417.50     6.00     2.00
  0 (anger)     425.50     6.00     5.00
  1 (disgust)   436.50     6.00     3.50
  1 (disgust)   446.00     6.00     2.50
  0 (anger)     454.50     6.00     3.75
  0 (anger)     464.25     6.00     4.25
  0 (anger)     474.50     6.00     2.25
  0 (anger)     482.75     6.00     3.75
  1 (disgust)   492.50     6.00     2.00
  1 (disgust)   500.50     6.00     6.50
  0 (anger)     513.00     6.00     3.50
  0 (anger)     522.50     6.00     2.75
  0 (anger)     531.25     6.00     6.25
  1 (disgust)   543.50     6.00     2.25
  0 (anger)     551.75     6.00     2.25
  1 (disgust)   560.00     6.00     3.75
  1 (disgust)   569.75     6.00     4.50
  1 (disgust)   580.25     6.00     3.50
  0 (anger)     589.75     6.00     2.25
  0 (anger)     598.00     6.00     0.00

-- run 2 events --
class            start      dur     rest
-----            -----     ----     ----
  0 (anger)       8.00     6.00     3.00
  1 (disgust)    17.00     6.00     2.75
  1 (disgust)    25.75     6.00     3.75
  1 (disgust)    35.50     6.00     2.75
  1 (disgust)    44.25     6.00     2.25
  1 (disgust)    52.50     6.00     3.25
  1 (disgust)    61.75     6.00     2.25
  0 (anger)      70.00     6.00     2.00
  1 (disgust)    78.00     6.00     2.75
  0 (anger)      86.75     6.00     7.00
  0 (anger)      99.75     6.00     2.00
  0 (anger)     107.75     6.00     4.25
  0 (anger)     118.00     6.00     5.25
  0 (anger)     129.25     6.00     5.75
  1 (disgust)   141.00     6.00     3.00
  1 (disgust)   150.00     6.00     2.50
  0 (anger)     158.50     6.00     4.00
  0 (anger)     168.50     6.00     2.25
  0 (anger)     176.75     6.00     5.00
  0 (anger)     187.75     6.00     2.50
  0 (anger)     196.25     6.00     3.50
  1 (disgust)   205.75     6.00     3.00
  1 (disgust)   214.75     6.00     8.50
  1 (disgust)   229.25     6.00     2.25
  1 (disgust)   237.50     6.00     4.25
  1 (disgust)   247.75     6.00     6.50
  0 (anger)     260.25     6.00     3.00
  1 (disgust)   269.25     6.00     2.75
  1 (disgust)   278.00     6.00     3.50
  1 (disgust)   287.50     6.00     3.50
  1 (disgust)   297.00     6.00     5.50
  1 (disgust)   308.50     6.00     4.50
  0 (anger)     319.00     6.00     6.25
  1 (disgust)   331.25     6.00     2.00
  0 (anger)     339.25     6.00     3.75
  1 (disgust)   349.00     6.00     3.25
  0 (anger)     358.25     6.00     3.75
  0 (anger)     368.00     6.00     2.75
  0 (anger)     376.75     6.00     3.25
  0 (anger)     386.00     6.00     2.25
  1 (disgust)   394.25     6.00     2.25
  0 (anger)     402.50     6.00     9.50
  0 (anger)     418.00     6.00     5.00
  1 (disgust)   429.00     6.00     4.25
  1 (disgust)   439.25     6.00     2.50
  0 (anger)     447.75     6.00     4.00
  1 (disgust)   457.75     6.00     3.25
  0 (anger)     467.00     6.00     6.75
  1 (disgust)   479.75     6.00     2.50
  0 (anger)     488.25     6.00     4.50
  1 (disgust)   498.75     6.00     4.75
  0 (anger)     509.50     6.00     2.50
  0 (anger)     518.00     6.00     2.50
  0 (anger)     526.50     6.00     4.75
  0 (anger)     537.25     6.00     8.00
  1 (disgust)   551.25     6.00     3.75
  0 (anger)     561.00     6.00     5.50
  0 (anger)     572.50     6.00     7.50
  1 (disgust)   586.00     6.00     6.00
  1 (disgust)   598.00     6.00     0.00

-- run 3 events --
class            start      dur     rest
-----            -----     ----     ----
  1 (disgust)     8.00     6.00     2.75
  0 (anger)      16.75     6.00     2.25
  1 (disgust)    25.00     6.00     2.00
  1 (disgust)    33.00     6.00     3.50
  1 (disgust)    42.50     6.00     4.75
  1 (disgust)    53.25     6.00     2.75
  1 (disgust)    62.00     6.00     2.50
  0 (anger)      70.50     6.00     3.00
  0 (anger)      79.50     6.00     2.50
  0 (anger)      88.00     6.00     4.75
  1 (disgust)    98.75     6.00     8.00
  1 (disgust)   112.75     6.00     4.50
  0 (anger)     123.25     6.00     3.00
  0 (anger)     132.25     6.00     9.50
  0 (anger)     147.75     6.00     2.50
  1 (disgust)   156.25     6.00     3.75
  1 (disgust)   166.00     6.00     2.50
  0 (anger)     174.50     6.00     5.25
  1 (disgust)   185.75     6.00     5.00
  0 (anger)     196.75     6.00     2.00
  0 (anger)     204.75     6.00     5.50
  1 (disgust)   216.25     6.00     3.25
  0 (anger)     225.50     6.00     2.75
  1 (disgust)   234.25     6.00     2.25
  1 (disgust)   242.50     6.00     7.00
  1 (disgust)   255.50     6.00     2.75
  0 (anger)     264.25     6.00     5.00
  0 (anger)     275.25     6.00     5.50
  0 (anger)     286.75     6.00     2.75
  0 (anger)     295.50     6.00     2.25
  1 (disgust)   303.75     6.00     3.00
  1 (disgust)   312.75     6.00     8.50
  1 (disgust)   327.25     6.00     3.75
  0 (anger)     337.00     6.00     4.25
  0 (anger)     347.25     6.00     2.00
  0 (anger)     355.25     6.00     5.75
  1 (disgust)   367.00     6.00     3.75
  1 (disgust)   376.75     6.00     2.50
  1 (disgust)   385.25     6.00     6.75
  0 (anger)     398.00     6.00     4.00
  1 (disgust)   408.00     6.00     4.25
  0 (anger)     418.25     6.00     3.25
  1 (disgust)   427.50     6.00     6.25
  0 (anger)     439.75     6.00     4.00
  1 (disgust)   449.75     6.00     4.50
  0 (anger)     460.25     6.00     2.25
  0 (anger)     468.50     6.00     4.25
  1 (disgust)   478.75     6.00     6.50
  1 (disgust)   491.25     6.00     2.25
  1 (disgust)   499.50     6.00     3.50
  1 (disgust)   509.00     6.00     3.25
  0 (anger)     518.25     6.00     3.25
  0 (anger)     527.50     6.00     6.00
  1 (disgust)   539.50     6.00     7.50
  0 (anger)     553.00     6.00     3.75
  1 (disgust)   562.75     6.00     3.00
  1 (disgust)   571.75     6.00     3.50
  0 (anger)     581.25     6.00     2.25
  0 (anger)     589.50     6.00     2.50
  0 (anger)     598.00     6.00     0.00

