-- run 1 events --
class            start      dur     rest
-----            -----     ----     ----
  0 (anger)       8.00     6.00     3.00
  1 (disgust)    17.00     6.00     5.00
  1 (disgust)    28.00     6.00     3.50
  1 (disgust)    37.50     6.00     4.25
  0 (anger)      47.75     6.00     2.25
  0 (anger)      56.00     6.00     4.00
  0 (anger)      66.00     6.00     3.00
  0 (anger)      75.00     6.00     2.25
  0 (anger)      83.25     6.00     2.25
  1 (disgust)    91.50     6.00     5.75
  1 (disgust)   103.25     6.00     7.00
  1 (disgust)   116.25     6.00     4.50
  1 (disgust)   126.75     6.00     6.75
  0 (anger)     139.50     6.00     2.75
  1 (disgust)   148.25     6.00     3.25
  0 (anger)     157.50     6.00     6.00
  0 (anger)     169.50     6.00     4.75
  0 (anger)     180.25     6.00     6.50
  0 (anger)     192.75     6.00     2.50
  0 (anger)     201.25     6.00     2.75
  1 (disgust)   210.00     6.00     2.50
  1 (disgust)   218.50     6.00     8.00
  0 (anger)     232.50     6.00     2.50
  1 (disgust)   241.00     6.00     4.25
  0 (anger)     251.25     6.00     4.00
  0 (anger)     261.25     6.00     2.00
  0 (anger)     269.25     6.00     6.25
  1 (disgust)   281.50     6.00     2.50
  1 (disgust)   290.00     6.00     7.50
  0 (anger)     303.50     6.00     3.75
  0 (anger)     313.25     6.00     3.50
  0 (anger)     322.75     6.00     3.75
  1 (disgust)   332.50     6.00     3.00
  1 (disgust)   341.50     6.00     2.75
  1 (disgust)   350.25     6.00     9.50
  0 (anger)     365.75     6.00     3.25
  0 (anger)     375.00     6.00     3.00
  0 (anger)     384.00     6.00     5.50
  0 (anger)     395.50     6.00     5.50
  0 (anger)     407.00     6.00     2.25
  0 (anger)     415.25     6.00     2.25
  1 (disgust)   423.50     6.00     8.50
  0 (anger)     438.00     6.00     3.75
  1 (disgust)   447.75     6.00     3.75
  1 (disgust)   457.50     6.00     3.50
  1 (disgust)   467.00     6.00     4.75
  0 (anger)     477.75     6.00     2.75
  1 (disgust)   486.50     6.00     4.50
  0 (anger)     497.00     6.00     3.25
  0 (anger)     506.25     6.00     5.25
  1 (disgust)   517.50     6.00     2.00
  0 (anger)     525.50     6.00     2.75
  1 (disgust)   534.25     6.00     5.00
  0 (anger)     545.25     6.00     2.00
  0 (anger)     553.25     6.00     2.50
  1 (disgust)   561.75     6.00     2.50
  0 (anger)     570.25     6.00     2.25
  0 (anger)     578.50     6.00     3.25
  1 (disgust)   587.75     6.00     4.25
  0 (anger)     598.00     6.00     0.00

-- run 2 events --
class            start      dur     rest
-----            -----     ----     ----
  1 (disgust)     8.00     6.00     4.75
  1 (disgust)    18.75     6.00     7.50
  1 (disgust)    32.25     6.00     4.25
  0 (anger)      42.50     6.00     2.25
  0 (anger)      50.75     6.00     4.50
  0 (anger)      61.25     6.00     3.25
  1 (disgust)    70.50     6.00     2.75
  0 (anger)      79.25     6.00     2.25
  0 (anger)      87.50     6.00     2.75
  0 (anger)      96.25     6.00     8.00
  1 (disgust)   110.25     6.00     5.75
  0 (anger)     122.00     6.00     2.25
  0 (anger)     130.25     6.00     6.50
  1 (disgust)   142.75     6.00     5.25
  0 (anger)     154.00     6.00     2.50
  1 (disgust)   162.50     6.00     6.00
  0 (anger)     174.50     6.00     7.00
  1 (disgust)   187.50     6.00     2.25
  1 (disgust)   195.75     6.00     9.50
  0 (anger)     211.25     6.00     3.75
  0 (anger)     221.00     6.00     3.00
  1 (disgust)   230.00     6.00     2.50
  0 (anger)     238.50     6.00     2.25
  0 (anger)     246.75     6.00     3.00
  1 (disgust)   255.75     6.00     3.75
  1 (disgust)   265.50     6.00     2.50
  0 (anger)     274.00     6.00     2.00
  1 (disgust)   282.00     6.00     5.00
  1 (disgust)   293.00     6.00     4.00
  1 (disgust)   303.00     6.00     3.75
  0 (anger)     312.75     6.00     3.25
  0 (anger)     322.00     6.00     2.50
  0 (anger)     330.50     6.00     4.75
  0 (anger)     341.25     6.00     3.75
  1 (disgust)   351.00     6.00     2.00
  1 (disgust)   359.00     6.00     8.50
  1 (disgust)   373.50     6.00     4.25
  1 (disgust)   383.75     6.00     2.50
  0 (anger)     392.25     6.00     3.50
  0 (anger)     401.75     6.00     3.00
  1 (disgust)   410.75     6.00     3.50
  1 (disgust)   420.25     6.00     3.25
  0 (anger)     429.50     6.00     5.00
  0 (anger)     440.50     6.00     5.50
  0 (anger)     452.00     6.00     2.75
  1 (disgust)   460.75     6.00     2.00
  0 (anger)     468.75     6.00     4.50
  1 (disgust)   479.25     6.00     6.25
  0 (anger)     491.50     6.00     2.75
  0 (anger)     500.25     6.00     5.50
  0 (anger)     511.75     6.00     3.00
  0 (anger)     520.75     6.00     2.75
  1 (disgust)   529.50     6.00     4.25
  0 (anger)     539.75     6.00     2.50
  1 (disgust)   548.25     6.00     3.25
  1 (disgust)   557.50     6.00     2.25
  1 (disgust)   565.75     6.00     3.50
  1 (disgust)   575.25     6.00     4.00
  0 (anger)     585.25     6.00     6.75
  0 (anger)     598.00     6.00     0.00

-- run 3 events --
class            start      dur     rest
-----            -----     ----     ----
  1 (disgust)     8.00     6.00     2.00
  1 (disgust)    16.00     6.00     3.75
  0 (anger)      25.75     6.00     2.50
  1 (disgust)    34.25     6.00     3.00
  0 (anger)      43.25     6.00     2.00
  1 (disgust)    51.25     6.00     4.00
  0 (anger)      61.25     6.00     2.75
  1 (disgust)    70.00     6.00     3.00
  0 (anger)      79.00     6.00     4.25
  1 (disgust)    89.25     6.00     6.75
  1 (disgust)   102.00     6.00     3.25
  0 (anger)     111.25     6.00     4.75
  0 (anger)     122.00     6.00     3.00
  1 (disgust)   131.00     6.00     3.25
  0 (anger)     140.25     6.00     5.25
  1 (disgust)   151.50     6.00     9.50
  1 (disgust)   167.00     6.00     4.00
  1 (disgust)   177.00     6.00     2.50
  1 (disgust)   185.50     6.00     6.00
  1 (disgust)   197.50     6.00     3.50
  1 (disgust)   207.00     6.00     2.25
  1 (disgust)   215.25     6.00     2.25
  1 (disgust)   223.50     6.00     3.75
  1 (disgust)   233.25     6.00     2.50
  1 (disgust)   241.75     6.00     5.00
  1 (disgust)   252.75     6.00     2.75
  0 (anger)     261.50     6.00     2.75
  0 (anger)     270.25     6.00     2.75
  0 (anger)     279.00     6.00     3.25
  0 (anger)     288.25     6.00     7.00
  1 (disgust)   301.25     6.00     4.50
  1 (disgust)   311.75     6.00     5.75
  0 (anger)     323.50     6.00     5.50
  1 (disgust)   335.00     6.00     7.50
  1 (disgust)   348.50     6.00     4.50
  1 (disgust)   359.00     6.00     4.25
  1 (disgust)   369.25     6.00     3.75
  1 (disgust)   379.00     6.00     2.25
  1 (disgust)   387.25     6.00     6.25
  0 (anger)     399.50     6.00     2.50
  1 (disgust)   408.00     6.00     2.25
  0 (anger)     416.25     6.00     3.25
  1 (disgust)   425.50     6.00     3.75
  1 (disgust)   435.25     6.00     4.75
  1 (disgust)   446.00     6.00     4.25
  1 (disgust)   456.25     6.00     2.50
  1 (disgust)   464.75     6.00     8.50
  0 (anger)     479.25     6.00     2.75
  0 (anger)     488.00     6.00     2.50
  0 (anger)     496.50     6.00     3.50
  0 (anger)     506.00     6.00     5.50
  0 (anger)     517.50     6.00     2.25
  0 (anger)     525.75     6.00     3.00
  1 (disgust)   534.75     6.00     2.25
  1 (disgust)   543.00     6.00     8.00
  0 (anger)     557.00     6.00     6.50
  1 (disgust)   569.50     6.00     3.50
  1 (disgust)   579.00     6.00     2.00
  0 (anger)     587.00     6.00     5.00
  0 (anger)     598.00     6.00     0.00

