-- run 1 events --
class            start      dur     rest
-----            -----     ----     ----
  1 (disgust)     8.00     6.00     5.00
  1 (disgust)    19.00     6.00     2.75
  1 (disgust)    27.75     6.00     3.25
  0 (anger)      37.00     6.00     3.75
  1 (disgust)    46.75     6.00     3.50
  0 (anger)      56.25     6.00     3.25
  0 (anger)      65.50     6.00     3.50
  1 (disgust)    75.00     6.00     6.50
  1 (disgust)    87.50     6.00     6.00
  0 (anger)      99.50     6.00     3.50
  0 (anger)     109.00     6.00     4.75
  1 (disgust)   119.75     6.00     4.25
  0 (anger)     130.00     6.00     2.25
  1 (disgust)   138.25     6.00     3.25
  1 (disgust)   147.50     6.00     4.75
  0 (anger)     158.25     6.00     2.25
  0 (anger)     166.50     6.00     8.00
  0 (anger)     180.50     6.00     2.50
  1 (disgust)   189.00     6.00     6.25
  0 (anger)     201.25     6.00     4.50
  0 (anger)     211.75     6.00     4.00
  0 (anger)     221.75     6.00     2.75
  1 (disgust)   230.50     6.00     2.00
  1 (disgust)   238.50     6.00     2.25
  1 (disgust)   246.75     6.00     7.00
  1 (disgust)   259.75     6.00     5.75
  0 (anger)     271.50     6.00     3.00
  0 (anger)     280.50     6.00     3.75
  1 (disgust)   290.25     6.00     2.50
  0 (anger)     298.75     6.00     2.50
  0 (anger)     307.25     6.00     2.50
  1 (disgust)   315.75     6.00     3.00
  0 (anger)     324.75     6.00     8.50
  0 (anger)     339.25     6.00     4.25
  0 (anger)     349.50     6.00     2.25
  1 (disgust)   357.75     6.00     4.50
  0 (anger)     368.25     6.00     2.50
  1 (disgust)   376.75     6.00     3.75
  1 (disgust)   386.50     6.00     2.25
  1 (disgust)   394.75     6.00     2.00
  1 (disgust)   402.75     6.00     5.00
  1 (disgust)   413.75     6.00     5.25
  0 (anger)     425.00     6.00     3.75
  1 (disgust)   434.75     6.00     6.75
  1 (disgust)   447.50     6.00     9.50
  1 (disgust)   463.00     6.00     3.00
  0 (anger)     472.00     6.00     2.25
  1 (disgust)   480.25     6.00     2.75
  1 (disgust)   489.00     6.00     3.25
  0 (anger)     498.25     6.00     2.00
  0 (anger)     506.25     6.00     4.25
  0 (anger)     516.50     6.00     5.50
  0 (anger)     528.00     6.00     2.75
  0 (anger)     536.75     6.00     2.75
  1 (disgust)   545.50     6.00     4.00
  1 (disgust)   555.50     6.00     7.50
  1 (disgust)   569.00     6.00     3.00
  1 (disgust)   578.00     6.00     5.50
  1 (disgust)   589.50     6.00     2.50
  0 (anger)     598.00     6.00     0.00

-- run 2 events --
class            start      dur     rest
-----            -----     ----     ----
  0 (anger)       8.00     6.00     2.25
  0 (anger)      16.25     6.00     3.00
  0 (anger)      25.25     6.00     5.25
  0 (anger)      36.50     6.00     2.50
  0 (anger)      45.00     6.00     4.75
  0 (anger)      55.75     6.00     2.75
  0 (anger)      64.50     6.00     8.00
  1 (disgust)    78.50     6.00     2.00
  1 (disgust)    86.50     6.00     4.50
  0 (anger)      97.00     6.00     3.50
  0 (anger)     106.50     6.00     7.00
  1 (disgust)   119.50     6.00     4.25
  1 (disgust)   129.75     6.00     3.75
  0 (anger)     139.50     6.00     3.75
  0 (anger)     149.25     6.00     8.50
  0 (anger)     163.75     6.00     5.00
  1 (disgust)   174.75     6.00     2.00
  1 (disgust)   182.75     6.00     3.75
  1 (disgust)   192.50     6.00     2.50
  0 (anger)     201.00     6.00     4.00
  0 (anger)     211.00     6.00     2.25
  1 (disgust)   219.25     6.00     4.50
  1 (disgust)   229.75     6.00     5.50
  0 (anger)     241.25     6.00     3.00
  0 (anger)     250.25     6.00     2.75
  1 (disgust)   259.00     6.00     6.00
  1 (disgust)   271.00     6.00     7.50
  0 (anger)     284.50     6.00     2.25
  0 (anger)     292.75     6.00     2.25
  0 (anger)     301.00     6.00     2.50
  0 (anger)     309.50     6.00     2.25
  0 (anger)     317.75     6.00     4.00
  1 (disgust)   327.75     6.00     3.50
  0 (anger)     337.25     6.00     4.75
  0 (anger)     348.00     6.00     3.00
  1 (disgust)   357.00     6.00     2.50
  1 (disgust)   365.50     6.00     9.50
  0 (anger)     381.00     6.00     2.50
  0 (anger)     389.50     6.00     6.50
  1 (disgust)   402.00     6.00     5.00
  0 (anger)     413.00     6.00     3.25
  0 (anger)     422.25     6.00     6.75
  0 (anger)     435.00     6.00     2.00
  1 (disgust)   443.00     6.00     4.25
  1 (disgust)   453.25     6.00     2.50
  1 (disgust)   461.75     6.00     2.75
  0 (anger)     470.50     6.00     5.50
  1 (disgust)   482.00     6.00     2.25
  0 (anger)     490.25     6.00     6.25
  0 (anger)     502.50     6.00     3.00
  1 (disgust)   511.50     6.00     2.75
  1 (disgust)   520.25     6.00     3.25
  0 (anger)     529.50     6.00     5.75
  1 (disgust)   541.25     6.00     4.25
  1 (disgust)   551.50     6.00     3.25
  0 (anger)     560.75     6.00     3.75
  0 (anger)     570.50     6.00     2.75
  1 (disgust)   579.25     6.00     3.50
  0 (anger)     588.75     6.00     3.25
  0 (anger)     598.00     6.00     0.00

-- run 3 events --
class            start      dur     rest
-----            -----     ----     ----
  0 (anger)       8.00     6.00     2.00
  1 (disgust)    16.00     6.00     2.75
  0 (anger)      24.75     6.00     2.25
  1 (disgust)    33.00     6.00     4.50
  0 (anger)      43.50     6.00     4.25
  0 (anger)      53.75     6.00     2.25
  1 (disgust)    62.00     6.00     5.50
  0 (anger)      73.50     6.00     8.50
  1 (disgust)    88.00     6.00     3.00
  0 (anger)      97.00     6.00     3.25
  0 (anger)     106.25     6.00     4.25
  1 (disgust)   116.50     6.00     8.00
  1 (disgust)   130.50     6.00     3.75
  0 (anger)     140.25     6.00     2.25
  0 (anger)     148.50     6.00     7.50
  1 (disgust)   162.00     6.00     5.25
  1 (disgust)   173.25     6.00     3.25
  1 (disgust)   182.50     6.00     9.50
  1 (disgust)   198.00     6.00     2.75
  0 (anger)     206.75     6.00     3.25
  1 (disgust)   216.00     6.00     6.25
  1 (disgust)   228.25     6.00     4.75
  1 (disgust)   239.00     6.00     5.50
  1 (disgust)   250.50     6.00     3.00
  0 (anger)     259.50     6.00     3.50
  1 (disgust)   269.00     6.00     2.75
  1 (disgust)   277.75     6.00     3.00
  1 (disgust)   286.75     6.00     2.75
  0 (anger)     295.50     6.00     5.75
  1 (disgust)   307.25     6.00     5.00
  1 (disgust)   318.25     6.00     3.50
  0 (anger)     327.75     6.00     3.75
  1 (disgust)   337.50     6.00     2.00
  1 (disgust)   345.50     6.00     2.50
  1 (disgust)   354.00     6.00     2.25
  1 (disgust)   362.25     6.00     4.75
  1 (disgust)   373.00     6.00     3.50
  1 (disgust)   382.50     6.00     2.25
  1 (disgust)   390.75     6.00     7.00
  0 (anger)     403.75     6.00     2.50
  0 (anger)     412.25     6.00     4.00
  0 (anger)     422.25     6.00     3.25
  0 (anger)     431.50     6.00     2.50
  0 (anger)     440.00     6.00     4.25
  1 (disgust)   450.25     6.00     3.75
  0 (anger)     460.00     6.00     6.50
  1 (disgust)   472.50     6.00     3.00
  0 (anger)     481.50     6.00     3.75
  0 (anger)     491.25     6.00     2.50
  1 (disgust)   499.75     6.00     2.75
  0 (anger)     508.50     6.00     6.75
  0 (anger)     521.25     6.00     4.50
  1 (disgust)   531.75     6.00     2.50
  1 (disgust)   540.25     6.00     2.50
  0 (anger)     548.75     6.00     5.00
  0 (anger)     559.75     6.00     2.25
  0 (anger)     568.00     6.00     2.00
  1 (disgust)   576.00     6.00     4.00
  1 (disgust)   586.00     6.00     6.00
  1 (disgust)   598.00     6.00     0.00

