-- run 1 events --
class            start      dur     rest
-----            -----     ----     ----
  1 (disgust)     8.00     6.00     2.00
  0 (anger)      16.00     6.00     2.25
  1 (disgust)    24.25     6.00     6.00
  0 (anger)      36.25     6.00     3.00
  1 (disgust)    45.25     6.00     4.25
  1 (disgust)    55.50     6.00     3.50
  0 (anger)      65.00     6.00     3.25
  0 (anger)      74.25     6.00     4.25
  0 (anger)      84.50     6.00     2.50
  1 (disgust)    93.00     6.00     3.50
  1 (disgust)   102.50     6.00     3.50
  1 (disgust)   112.00     6.00     2.25
  0 (anger)     120.25     6.00     9.50
  0 (anger)     135.75     6.00     5.25
  1 (disgust)   147.00     6.00     2.25
  0 (anger)     155.25     6.00     4.00
  0 (anger)     165.25     6.00     6.75
  1 (disgust)   178.00     6.00     4.50
  1 (disgust)   188.50     6.00     2.75
  1 (disgust)   197.25     6.00     4.00
  0 (anger)     207.25     6.00     2.50
  1 (disgust)   215.75     6.00     5.50
  1 (disgust)   227.25     6.00     3.25
  1 (disgust)   236.50     6.00     3.00
  1 (disgust)   245.50     6.00     8.50
  0 (anger)     260.00     6.00     7.50
  1 (disgust)   273.50     6.00     2.00
  0 (anger)     281.50     6.00     5.50
  1 (disgust)   293.00     6.00     2.50
  0 (anger)     301.50     6.00     3.00
  1 (disgust)   310.50     6.00     2.25
  0 (anger)     318.75     6.00     7.00
  1 (disgust)   331.75     6.00     5.00
  1 (disgust)   342.75     6.00     2.25
  1 (disgust)   351.00     6.00     3.75
  0 (anger)     360.75     6.00     3.25
  0 (anger)     370.00     6.00     3.25
  0 (anger)     379.25     6.00     3.75
  0 (anger)     389.00     6.00     5.00
  0 (anger)     400.00     6.00     2.25
  0 (anger)     408.25     6.00     2.75
  1 (disgust)   417.00     6.00     2.75
  0 (anger)     425.75     6.00     8.00
  0 (anger)     439.75     6.00     4.75
  1 (disgust)   450.50     6.00     2.75
  1 (disgust)   459.25     6.00     3.75
  1 (disgust)   469.00     6.00     3.00
  1 (disgust)   478.00     6.00     4.75
  0 (anger)     488.75     6.00     4.50
  0 (anger)     499.25     6.00     4.25
  1 (disgust)   509.50     6.00     2.50
  1 (disgust)   518.00     6.00     2.75
  1 (disgust)   526.75     6.00     5.75
  0 (anger)     538.50     6.00     2.00
  1 (disgust)   546.50     6.00     6.25
  1 (disgust)   558.75     6.00     2.50
  0 (anger)     567.25     6.00     6.50
  1 (disgust)   579.75     6.00     2.50
  0 (anger)     588.25     6.00     3.75
  0 (anger)     598.00     6.00     0.00

-- run 2 events --
class            start      dur     rest
-----            -----     ----     ----
  0 (anger)       8.00     6.00     2.25
  0 (anger)      16.25     6.00     2.25
  1 (disgust)    24.50     6.00     3.00
  1 (disgust)    33.50     6.00     2.25
  0 (anger)      41.75     6.00     4.50
  1 (disgust)    52.25     6.00     2.75
  1 (disgust)    61.00     6.00     2.75
  0 (anger)      69.75     6.00     3.75
  0 (anger)      79.50     6.00     8.00
  1 (disgust)    93.50     6.00     3.75
  0 (anger)     103.25     6.00     6.50
  0 (anger)     115.75     6.00     4.75
  1 (disgust)   126.50     6.00     6.25
  1 (disgust)   138.75     6.00     2.75
  0 (anger)     147.50     6.00     3.50
  1 (disgust)   157.00     6.00     3.50
  1 (disgust)   166.50     6.00     2.50
  1 (disgust)   175.00     6.00     7.50
  1 (disgust)   188.50     6.00     4.50
  0 (anger)     199.00     6.00     4.75
  1 (disgust)   209.75     6.00     5.75
  1 (disgust)   221.50     6.00     2.75
  0 (anger)     230.25     6.00     5.50
  0 (anger)     241.75     6.00     5.50
  0 (anger)     253.25     6.00     7.00
  1 (disgust)   266.25     6.00     2.00
  0 (anger)     274.25     6.00     6.75
  0 (anger)     287.00     6.00     4.25
  0 (anger)     297.25     6.00     6.00
  0 (anger)     309.25     6.00     3.00
  0 (anger)     318.25     6.00     5.00
  0 (anger)     329.25     6.00     2.00
  0 (anger)     337.25     6.00     3.50
  0 (anger)     346.75     6.00     3.25
  1 (disgust)   356.00     6.00     2.75
  1 (disgust)   364.75     6.00     2.50
  0 (anger)     373.25     6.00     9.50
  1 (disgust)   388.75     6.00     2.50
  1 (disgust)   397.25     6.00     5.00
  1 (disgust)   408.25     6.00     8.50
  0 (anger)     422.75     6.00     3.00
  1 (disgust)   431.75     6.00     3.25
  0 (anger)     441.00     6.00     4.00
  0 (anger)     451.00     6.00     4.25
  1 (disgust)   461.25     6.00     4.00
  0 (anger)     471.25     6.00     2.25
  0 (anger)     479.50     6.00     3.00
  0 (anger)     488.50     6.00     5.25
  0 (anger)     499.75     6.00     2.50
  1 (disgust)   508.25     6.00     2.25
  1 (disgust)   516.50     6.00     3.75
  1 (disgust)   526.25     6.00     3.25
  0 (anger)     535.50     6.00     2.50
  1 (disgust)   544.00     6.00     3.25
  1 (disgust)   553.25     6.00     2.25
  0 (anger)     561.50     6.00     2.50
  0 (anger)     570.00     6.00     3.75
  1 (disgust)   579.75     6.00     4.25
  1 (disgust)   590.00     6.00     2.00
  1 (disgust)   598.00     6.00     0.00

-- run 3 events --
class            start      dur     rest
-----            -----     ----     ----
  1 (disgust)     8.00     6.00     2.75
  0 (anger)      16.75     6.00     2.25
  1 (disgust)    25.00     6.00     2.00
  1 (disgust)    33.00     6.00     7.00
  1 (disgust)    46.00     6.00     5.25
  1 (disgust)    57.25     6.00     2.75
  1 (disgust)    66.00     6.00     2.50
  1 (disgust)    74.50     6.00     3.00
  0 (anger)      83.50     6.00     3.25
  0 (anger)      92.75     6.00     9.50
  0 (anger)     108.25     6.00     2.50
  1 (disgust)   116.75     6.00     3.75
  0 (anger)     126.50     6.00     3.00
  1 (disgust)   135.50     6.00     8.00
  0 (anger)     149.50     6.00     2.75
  1 (disgust)   158.25     6.00     6.50
  0 (anger)     170.75     6.00     5.50
  0 (anger)     182.25     6.00     2.50
  1 (disgust)   190.75     6.00     2.25
  1 (disgust)   199.00     6.00     4.00
  0 (anger)     209.00     6.00     2.50
  0 (anger)     217.50     6.00     4.25
  0 (anger)     227.75     6.00     3.25
  0 (anger)     237.00     6.00     6.00
  1 (disgust)   249.00     6.00     2.75
  1 (disgust)   257.75     6.00     2.00
  0 (anger)     265.75     6.00     5.00
  1 (disgust)   276.75     6.00     3.75
  1 (disgust)   286.50     6.00     6.75
  1 (disgust)   299.25     6.00     4.50
  1 (disgust)   309.75     6.00     3.50
  0 (anger)     319.25     6.00     3.00
  0 (anger)     328.25     6.00     2.50
  1 (disgust)   336.75     6.00     3.00
  0 (anger)     345.75     6.00     7.50
  0 (anger)     359.25     6.00     2.25
  0 (anger)     367.50     6.00     2.75
  0 (anger)     376.25     6.00     2.25
  0 (anger)     384.50     6.00     4.25
  0 (anger)     394.75     6.00     4.00
  1 (disgust)   404.75     6.00     4.75
  0 (anger)     415.50     6.00     3.25
  0 (anger)     424.75     6.00     4.50
  0 (anger)     435.25     6.00     3.25
  1 (disgust)   444.50     6.00     6.25
  0 (anger)     456.75     6.00     2.25
  1 (disgust)   465.00     6.00     8.50
  0 (anger)     479.50     6.00     5.00
  0 (anger)     490.50     6.00     3.50
  1 (disgust)   500.00     6.00     5.50
  1 (disgust)   511.50     6.00     4.75
  0 (anger)     522.25     6.00     2.00
  1 (disgust)   530.25     6.00     5.75
  0 (anger)     542.00     6.00     3.50
  0 (anger)     551.50     6.00     2.25
  1 (disgust)   559.75     6.00     3.75
  1 (disgust)   569.50     6.00     3.75
  1 (disgust)   579.25     6.00     4.25
  0 (anger)     589.50     6.00     2.50
  1 (disgust)   598.00     6.00     0.00

